1	1.666667e-01	1.666667e-01	1.666667e-01	2.220446e-16	2.220446e-16
2	2.166667e-01	2.166667e-01	2.166667e-01	0.000000e+00	0.000000e+00
3	2.404762e-01	2.404762e-01	2.404762e-01	3.330669e-16	3.330669e-16
4	2.543651e-01	2.543651e-01	2.543651e-01	4.440892e-16	4.440892e-16
5	2.634560e-01	2.634560e-01	2.634560e-01	6.661338e-16	6.661338e-16
6	2.698662e-01	2.698662e-01	2.698662e-01	2.220446e-16	2.220446e-16
7	2.746281e-01	2.746281e-01	2.746281e-01	2.220446e-16	2.220446e-16
8	2.783046e-01	2.783046e-01	2.783046e-01	2.220446e-16	2.220446e-16
9	2.812286e-01	2.812286e-01	2.812286e-01	4.440892e-16	4.440892e-16
10	2.836095e-01	2.836095e-01	2.836095e-01	4.440892e-16	4.440892e-16
11	2.855858e-01	2.855858e-01	2.855858e-01	4.440892e-16	4.440892e-16
12	2.872525e-01	2.872525e-01	2.872525e-01	5.551115e-16	5.551115e-16
13	2.886770e-01	2.886770e-01	2.886770e-01	7.771561e-16	7.771561e-16
14	2.899085e-01	2.899085e-01	2.899085e-01	7.771561e-16	7.771561e-16
15	2.909838e-01	2.909838e-01	2.909838e-01	7.771561e-16	7.771561e-16
16	2.919308e-01	2.919308e-01	2.919308e-01	7.771561e-16	7.771561e-16
17	2.927711e-01	2.927711e-01	2.927711e-01	7.771561e-16	7.771561e-16
18	2.935219e-01	2.935219e-01	2.935219e-01	5.551115e-16	5.551115e-16
19	2.941966e-01	2.941966e-01	2.941966e-01	7.771561e-16	7.771561e-16
20	2.948064e-01	2.948064e-01	2.948064e-01	7.771561e-16	7.771561e-16
21	2.953601e-01	2.953601e-01	2.953601e-01	7.771561e-16	7.771561e-16
22	2.958651e-01	2.958651e-01	2.958651e-01	8.881784e-16	8.881784e-16
23	2.963277e-01	2.963277e-01	2.963277e-01	1.110223e-15	1.110223e-15
24	2.967528e-01	2.967528e-01	2.967528e-01	1.110223e-15	1.110223e-15
25	2.971450e-01	2.971450e-01	2.971450e-01	1.110223e-15	1.110223e-15
26	2.975078e-01	2.975078e-01	2.975078e-01	8.881784e-16	8.881784e-16
27	2.978445e-01	2.978445e-01	2.978445e-01	1.110223e-15	1.110223e-15
28	2.981578e-01	2.981578e-01	2.981578e-01	1.110223e-15	1.110223e-15
29	2.984501e-01	2.984501e-01	2.984501e-01	8.881784e-16	8.881784e-16
30	2.987233e-01	2.987233e-01	2.987233e-01	7.771561e-16	7.771561e-16
31	2.989793e-01	2.989793e-01	2.989793e-01	8.881784e-16	8.881784e-16
32	2.992197e-01	2.992197e-01	2.992197e-01	7.771561e-16	7.771561e-16
33	2.994458e-01	2.994458e-01	2.994458e-01	8.881784e-16	8.881784e-16
34	2.996589e-01	2.996589e-01	2.996589e-01	8.881784e-16	8.881784e-16
35	2.998602e-01	2.998602e-01	2.998602e-01	1.110223e-15	1.110223e-15
36	3.000504e-01	3.000504e-01	3.000504e-01	1.443290e-15	1.443290e-15
37	3.002306e-01	3.002306e-01	3.002306e-01	1.443290e-15	1.443290e-15
38	3.004015e-01	3.004015e-01	3.004015e-01	1.332268e-15	1.332268e-15
39	3.005638e-01	3.005638e-01	3.005638e-01	1.332268e-15	1.332268e-15
40	3.007181e-01	3.007181e-01	3.007181e-01	1.665335e-15	1.665335e-15
41	3.008650e-01	3.008650e-01	3.008650e-01	1.887379e-15	1.887379e-15
42	3.010051e-01	3.010051e-01	3.010051e-01	1.887379e-15	1.887379e-15
43	3.011387e-01	3.011387e-01	3.011387e-01	1.665335e-15	1.665335e-15
44	3.012664e-01	3.012664e-01	3.012664e-01	1.887379e-15	1.887379e-15
45	3.013885e-01	3.013885e-01	3.013885e-01	1.887379e-15	1.887379e-15
46	3.015054e-01	3.015054e-01	3.015054e-01	1.665335e-15	1.665335e-15
47	3.016174e-01	3.016174e-01	3.016174e-01	1.887379e-15	1.887379e-15
48	3.017247e-01	3.017247e-01	3.017247e-01	1.887379e-15	1.887379e-15
49	3.018278e-01	3.018278e-01	3.018278e-01	1.665335e-15	1.665335e-15
50	3.019268e-01	3.019268e-01	3.019268e-01	1.665335e-15	1.665335e-15
51	3.020220e-01	3.020220e-01	3.020220e-01	1.887379e-15	1.887379e-15
52	3.021136e-01	3.021136e-01	3.021136e-01	1.887379e-15	1.887379e-15
53	3.022018e-01	3.022018e-01	3.022018e-01	1.887379e-15	1.887379e-15
54	3.022867e-01	3.022867e-01	3.022867e-01	1.443290e-15	1.443290e-15
55	3.023686e-01	3.023686e-01	3.023686e-01	1.665335e-15	1.665335e-15
56	3.024476e-01	3.024476e-01	3.024476e-01	1.887379e-15	1.887379e-15
57	3.025239e-01	3.025239e-01	3.025239e-01	1.665335e-15	1.665335e-15
58	3.025976e-01	3.025976e-01	3.025976e-01	1.665335e-15	1.665335e-15
59	3.026688e-01	3.026688e-01	3.026688e-01	1.665335e-15	1.665335e-15
60	3.027377e-01	3.027377e-01	3.027377e-01	1.665335e-15	1.665335e-15
61	3.028043e-01	3.028043e-01	3.028043e-01	1.887379e-15	1.887379e-15
62	3.028688e-01	3.028688e-01	3.028688e-01	1.887379e-15	1.887379e-15
63	3.029313e-01	3.029313e-01	3.029313e-01	1.887379e-15	1.887379e-15
64	3.029919e-01	3.029919e-01	3.029919e-01	1.887379e-15	1.887379e-15
65	3.030506e-01	3.030506e-01	3.030506e-01	1.998401e-15	1.998401e-15
66	3.031076e-01	3.031076e-01	3.031076e-01	2.220446e-15	2.220446e-15
67	3.031628e-01	3.031628e-01	3.031628e-01	2.220446e-15	2.220446e-15
68	3.032165e-01	3.032165e-01	3.032165e-01	2.220446e-15	2.220446e-15
69	3.032686e-01	3.032686e-01	3.032686e-01	1.998401e-15	1.998401e-15
70	3.033193e-01	3.033193e-01	3.033193e-01	2.220446e-15	2.220446e-15
71	3.033685e-01	3.033685e-01	3.033685e-01	2.220446e-15	2.220446e-15
72	3.034164e-01	3.034164e-01	3.034164e-01	2.331468e-15	2.331468e-15
73	3.034630e-01	3.034630e-01	3.034630e-01	2.331468e-15	2.331468e-15
74	3.035084e-01	3.035084e-01	3.035084e-01	2.220446e-15	2.220446e-15
75	3.035525e-01	3.035525e-01	3.035525e-01	2.220446e-15	2.220446e-15
76	3.035955e-01	3.035955e-01	3.035955e-01	2.220446e-15	2.220446e-15
77	3.036374e-01	3.036374e-01	3.036374e-01	2.331468e-15	2.331468e-15
78	3.036782e-01	3.036782e-01	3.036782e-01	2.331468e-15	2.331468e-15
79	3.037181e-01	3.037181e-01	3.037181e-01	2.220446e-15	2.220446e-15
80	3.037569e-01	3.037569e-01	3.037569e-01	2.331468e-15	2.331468e-15
81	3.037947e-01	3.037947e-01	3.037947e-01	2.220446e-15	2.220446e-15
82	3.038317e-01	3.038317e-01	3.038317e-01	2.331468e-15	2.331468e-15
83	3.038678e-01	3.038678e-01	3.038678e-01	2.775558e-15	2.775558e-15
84	3.039030e-01	3.039030e-01	3.039030e-01	2.886580e-15	2.886580e-15
85	3.039374e-01	3.039374e-01	3.039374e-01	3.108624e-15	3.108624e-15
86	3.039710e-01	3.039710e-01	3.039710e-01	3.330669e-15	3.330669e-15
87	3.040038e-01	3.040038e-01	3.040038e-01	2.886580e-15	2.886580e-15
88	3.040359e-01	3.040359e-01	3.040359e-01	2.553513e-15	2.553513e-15
89	3.040673e-01	3.040673e-01	3.040673e-01	2.775558e-15	2.775558e-15
90	3.040980e-01	3.040980e-01	3.040980e-01	2.775558e-15	2.775558e-15
91	3.041280e-01	3.041280e-01	3.041280e-01	2.775558e-15	2.775558e-15
92	3.041574e-01	3.041574e-01	3.041574e-01	2.553513e-15	2.553513e-15
93	3.041862e-01	3.041862e-01	3.041862e-01	2.553513e-15	2.553513e-15
94	3.042143e-01	3.042143e-01	3.042143e-01	2.553513e-15	2.553513e-15
95	3.042419e-01	3.042419e-01	3.042419e-01	2.331468e-15	2.331468e-15
96	3.042689e-01	3.042689e-01	3.042689e-01	2.331468e-15	2.331468e-15
97	3.042953e-01	3.042953e-01	3.042953e-01	2.331468e-15	2.331468e-15
98	3.043212e-01	3.043212e-01	3.043212e-01	2.553513e-15	2.553513e-15
99	3.043466e-01	3.043466e-01	3.043466e-01	2.553513e-15	2.553513e-15
100	3.043714e-01	3.043714e-01	3.043714e-01	2.553513e-15	2.553513e-15
101	3.043958e-01	3.043958e-01	3.043958e-01	2.553513e-15	2.553513e-15
102	3.044197e-01	3.044197e-01	3.044197e-01	2.553513e-15	2.553513e-15
103	3.044432e-01	3.044432e-01	3.044432e-01	2.553513e-15	2.553513e-15
104	3.044662e-01	3.044662e-01	3.044662e-01	2.775558e-15	2.775558e-15
105	3.044888e-01	3.044888e-01	3.044888e-01	2.886580e-15	2.886580e-15
106	3.045109e-01	3.045109e-01	3.045109e-01	2.553513e-15	2.553513e-15
107	3.045326e-01	3.045326e-01	3.045326e-01	2.775558e-15	2.775558e-15
108	3.045540e-01	3.045540e-01	3.045540e-01	2.553513e-15	2.553513e-15
109	3.045749e-01	3.045749e-01	3.045749e-01	2.775558e-15	2.775558e-15
110	3.045955e-01	3.045955e-01	3.045955e-01	2.775558e-15	2.775558e-15
111	3.046157e-01	3.046157e-01	3.046157e-01	2.886580e-15	2.886580e-15
112	3.046355e-01	3.046355e-01	3.046355e-01	3.108624e-15	3.108624e-15
113	3.046550e-01	3.046550e-01	3.046550e-01	3.108624e-15	3.108624e-15
114	3.046742e-01	3.046742e-01	3.046742e-01	3.108624e-15	3.108624e-15
115	3.046930e-01	3.046930e-01	3.046930e-01	3.108624e-15	3.108624e-15
116	3.047115e-01	3.047115e-01	3.047115e-01	3.108624e-15	3.108624e-15
117	3.047297e-01	3.047297e-01	3.047297e-01	3.108624e-15	3.108624e-15
118	3.047476e-01	3.047476e-01	3.047476e-01	2.886580e-15	2.886580e-15
119	3.047651e-01	3.047651e-01	3.047651e-01	2.775558e-15	2.775558e-15
120	3.047824e-01	3.047824e-01	3.047824e-01	2.775558e-15	2.775558e-15
121	3.047994e-01	3.047994e-01	3.047994e-01	2.775558e-15	2.775558e-15
122	3.048162e-01	3.048162e-01	3.048162e-01	3.108624e-15	3.108624e-15
123	3.048326e-01	3.048326e-01	3.048326e-01	3.330669e-15	3.330669e-15
124	3.048488e-01	3.048488e-01	3.048488e-01	3.441691e-15	3.441691e-15
125	3.048648e-01	3.048648e-01	3.048648e-01	3.441691e-15	3.441691e-15
126	3.048804e-01	3.048804e-01	3.048804e-01	3.441691e-15	3.441691e-15
127	3.048959e-01	3.048959e-01	3.048959e-01	3.441691e-15	3.441691e-15
128	3.049111e-01	3.049111e-01	3.049111e-01	3.441691e-15	3.441691e-15
129	3.049260e-01	3.049260e-01	3.049260e-01	3.441691e-15	3.441691e-15
130	3.049408e-01	3.049408e-01	3.049408e-01	3.663736e-15	3.663736e-15
131	3.049553e-01	3.049553e-01	3.049553e-01	3.774758e-15	3.774758e-15
132	3.049696e-01	3.049696e-01	3.049696e-01	3.774758e-15	3.774758e-15
133	3.049837e-01	3.049837e-01	3.049837e-01	3.774758e-15	3.774758e-15
134	3.049975e-01	3.049975e-01	3.049975e-01	3.996803e-15	3.996803e-15
135	3.050112e-01	3.050112e-01	3.050112e-01	3.996803e-15	3.996803e-15
136	3.050247e-01	3.050247e-01	3.050247e-01	3.996803e-15	3.996803e-15
137	3.050379e-01	3.050379e-01	3.050379e-01	3.996803e-15	3.996803e-15
138	3.050510e-01	3.050510e-01	3.050510e-01	4.218847e-15	4.218847e-15
139	3.050639e-01	3.050639e-01	3.050639e-01	4.329870e-15	4.329870e-15
140	3.050766e-01	3.050766e-01	3.050766e-01	4.329870e-15	4.329870e-15
141	3.050892e-01	3.050892e-01	3.050892e-01	4.551914e-15	4.551914e-15
142	3.051015e-01	3.051015e-01	3.051015e-01	4.551914e-15	4.551914e-15
143	3.051137e-01	3.051137e-01	3.051137e-01	4.329870e-15	4.329870e-15
144	3.051257e-01	3.051257e-01	3.051257e-01	4.551914e-15	4.551914e-15
145	3.051376e-01	3.051376e-01	3.051376e-01	4.551914e-15	4.551914e-15
146	3.051492e-01	3.051492e-01	3.051492e-01	4.773959e-15	4.773959e-15
147	3.051608e-01	3.051608e-01	3.051608e-01	4.551914e-15	4.551914e-15
148	3.051722e-01	3.051722e-01	3.051722e-01	4.329870e-15	4.329870e-15
149	3.051834e-01	3.051834e-01	3.051834e-01	4.218847e-15	4.218847e-15
150	3.051944e-01	3.051944e-01	3.051944e-01	4.329870e-15	4.329870e-15
151	3.052054e-01	3.052054e-01	3.052054e-01	4.329870e-15	4.329870e-15
152	3.052162e-01	3.052162e-01	3.052162e-01	4.329870e-15	4.329870e-15
153	3.052268e-01	3.052268e-01	3.052268e-01	4.329870e-15	4.329870e-15
154	3.052373e-01	3.052373e-01	3.052373e-01	4.218847e-15	4.218847e-15
155	3.052477e-01	3.052477e-01	3.052477e-01	4.218847e-15	4.218847e-15
156	3.052579e-01	3.052579e-01	3.052579e-01	4.329870e-15	4.329870e-15
157	3.052680e-01	3.052680e-01	3.052680e-01	4.329870e-15	4.329870e-15
158	3.052780e-01	3.052780e-01	3.052780e-01	4.218847e-15	4.218847e-15
159	3.052879e-01	3.052879e-01	3.052879e-01	4.218847e-15	4.218847e-15
160	3.052976e-01	3.052976e-01	3.052976e-01	3.996803e-15	3.996803e-15
161	3.053072e-01	3.053072e-01	3.053072e-01	4.329870e-15	4.329870e-15
162	3.053167e-01	3.053167e-01	3.053167e-01	4.329870e-15	4.329870e-15
163	3.053261e-01	3.053261e-01	3.053261e-01	4.551914e-15	4.551914e-15
164	3.053354e-01	3.053354e-01	3.053354e-01	4.329870e-15	4.329870e-15
165	3.053445e-01	3.053445e-01	3.053445e-01	4.218847e-15	4.218847e-15
166	3.053536e-01	3.053536e-01	3.053536e-01	4.218847e-15	4.218847e-15
167	3.053625e-01	3.053625e-01	3.053625e-01	4.329870e-15	4.329870e-15
168	3.053713e-01	3.053713e-01	3.053713e-01	4.329870e-15	4.329870e-15
169	3.053801e-01	3.053801e-01	3.053801e-01	4.329870e-15	4.329870e-15
170	3.053887e-01	3.053887e-01	3.053887e-01	4.329870e-15	4.329870e-15
171	3.053972e-01	3.053972e-01	3.053972e-01	4.329870e-15	4.329870e-15
172	3.054056e-01	3.054056e-01	3.054056e-01	4.218847e-15	4.218847e-15
173	3.054140e-01	3.054140e-01	3.054140e-01	4.218847e-15	4.218847e-15
174	3.054222e-01	3.054222e-01	3.054222e-01	3.996803e-15	3.996803e-15
175	3.054303e-01	3.054303e-01	3.054303e-01	3.774758e-15	3.774758e-15
176	3.054384e-01	3.054384e-01	3.054384e-01	3.996803e-15	3.996803e-15
177	3.054464e-01	3.054464e-01	3.054464e-01	3.774758e-15	3.774758e-15
178	3.054542e-01	3.054542e-01	3.054542e-01	3.996803e-15	3.996803e-15
179	3.054620e-01	3.054620e-01	3.054620e-01	3.774758e-15	3.774758e-15
180	3.054697e-01	3.054697e-01	3.054697e-01	3.774758e-15	3.774758e-15
181	3.054773e-01	3.054773e-01	3.054773e-01	3.774758e-15	3.774758e-15
182	3.054848e-01	3.054848e-01	3.054848e-01	3.774758e-15	3.774758e-15
183	3.054923e-01	3.054923e-01	3.054923e-01	3.996803e-15	3.996803e-15
184	3.054996e-01	3.054996e-01	3.054996e-01	4.218847e-15	4.218847e-15
185	3.055069e-01	3.055069e-01	3.055069e-01	4.329870e-15	4.329870e-15
186	3.055141e-01	3.055141e-01	3.055141e-01	4.329870e-15	4.329870e-15
187	3.055213e-01	3.055213e-01	3.055213e-01	4.551914e-15	4.551914e-15
188	3.055283e-01	3.055283e-01	3.055283e-01	4.884981e-15	4.884981e-15
189	3.055353e-01	3.055353e-01	3.055353e-01	4.884981e-15	4.884981e-15
190	3.055422e-01	3.055422e-01	3.055422e-01	4.773959e-15	4.773959e-15
191	3.055490e-01	3.055490e-01	3.055490e-01	4.884981e-15	4.884981e-15
192	3.055558e-01	3.055558e-01	3.055558e-01	5.107026e-15	5.107026e-15
193	3.055625e-01	3.055625e-01	3.055625e-01	4.884981e-15	4.884981e-15
194	3.055691e-01	3.055691e-01	3.055691e-01	5.107026e-15	5.107026e-15
195	3.055757e-01	3.055757e-01	3.055757e-01	5.218048e-15	5.218048e-15
196	3.055822e-01	3.055822e-01	3.055822e-01	5.218048e-15	5.218048e-15
197	3.055886e-01	3.055886e-01	3.055886e-01	5.440093e-15	5.440093e-15
198	3.055950e-01	3.055950e-01	3.055950e-01	5.440093e-15	5.440093e-15
199	3.056013e-01	3.056013e-01	3.056013e-01	5.773160e-15	5.773160e-15
200	3.056075e-01	3.056075e-01	3.056075e-01	5.773160e-15	5.773160e-15
201	3.056137e-01	3.056137e-01	3.056137e-01	5.773160e-15	5.773160e-15
202	3.056198e-01	3.056198e-01	3.056198e-01	5.662137e-15	5.662137e-15
203	3.056258e-01	3.056258e-01	3.056258e-01	5.218048e-15	5.218048e-15
204	3.056318e-01	3.056318e-01	3.056318e-01	5.107026e-15	5.107026e-15
205	3.056378e-01	3.056378e-01	3.056378e-01	5.107026e-15	5.107026e-15
206	3.056436e-01	3.056436e-01	3.056436e-01	5.107026e-15	5.107026e-15
207	3.056495e-01	3.056495e-01	3.056495e-01	4.884981e-15	4.884981e-15
208	3.056552e-01	3.056552e-01	3.056552e-01	4.884981e-15	4.884981e-15
209	3.056609e-01	3.056609e-01	3.056609e-01	5.218048e-15	5.218048e-15
210	3.056666e-01	3.056666e-01	3.056666e-01	5.218048e-15	5.218048e-15
211	3.056722e-01	3.056722e-01	3.056722e-01	5.440093e-15	5.440093e-15
212	3.056777e-01	3.056777e-01	3.056777e-01	5.218048e-15	5.218048e-15
213	3.056832e-01	3.056832e-01	3.056832e-01	5.107026e-15	5.107026e-15
214	3.056887e-01	3.056887e-01	3.056887e-01	5.107026e-15	5.107026e-15
215	3.056941e-01	3.056941e-01	3.056941e-01	4.773959e-15	4.773959e-15
216	3.056994e-01	3.056994e-01	3.056994e-01	4.773959e-15	4.773959e-15
217	3.057047e-01	3.057047e-01	3.057047e-01	4.773959e-15	4.773959e-15
218	3.057100e-01	3.057100e-01	3.057100e-01	4.551914e-15	4.551914e-15
219	3.057152e-01	3.057152e-01	3.057152e-01	4.551914e-15	4.551914e-15
220	3.057203e-01	3.057203e-01	3.057203e-01	4.551914e-15	4.551914e-15
221	3.057254e-01	3.057254e-01	3.057254e-01	4.551914e-15	4.551914e-15
222	3.057305e-01	3.057305e-01	3.057305e-01	4.551914e-15	4.551914e-15
223	3.057355e-01	3.057355e-01	3.057355e-01	4.551914e-15	4.551914e-15
224	3.057405e-01	3.057405e-01	3.057405e-01	4.218847e-15	4.218847e-15
225	3.057454e-01	3.057454e-01	3.057454e-01	3.996803e-15	3.996803e-15
226	3.057503e-01	3.057503e-01	3.057503e-01	4.218847e-15	4.218847e-15
227	3.057551e-01	3.057551e-01	3.057551e-01	4.218847e-15	4.218847e-15
228	3.057599e-01	3.057599e-01	3.057599e-01	4.218847e-15	4.218847e-15
229	3.057647e-01	3.057647e-01	3.057647e-01	4.329870e-15	4.329870e-15
230	3.057694e-01	3.057694e-01	3.057694e-01	4.329870e-15	4.329870e-15
231	3.057741e-01	3.057741e-01	3.057741e-01	4.551914e-15	4.551914e-15
232	3.057787e-01	3.057787e-01	3.057787e-01	4.551914e-15	4.551914e-15
233	3.057833e-01	3.057833e-01	3.057833e-01	4.551914e-15	4.551914e-15
234	3.057879e-01	3.057879e-01	3.057879e-01	4.773959e-15	4.773959e-15
235	3.057924e-01	3.057924e-01	3.057924e-01	4.884981e-15	4.884981e-15
236	3.057969e-01	3.057969e-01	3.057969e-01	5.107026e-15	5.107026e-15
237	3.058013e-01	3.058013e-01	3.058013e-01	5.107026e-15	5.107026e-15
238	3.058057e-01	3.058057e-01	3.058057e-01	5.218048e-15	5.218048e-15
239	3.058101e-01	3.058101e-01	3.058101e-01	5.218048e-15	5.218048e-15
240	3.058144e-01	3.058144e-01	3.058144e-01	5.107026e-15	5.107026e-15
241	3.058187e-01	3.058187e-01	3.058187e-01	5.218048e-15	5.218048e-15
242	3.058230e-01	3.058230e-01	3.058230e-01	5.107026e-15	5.107026e-15
243	3.058272e-01	3.058272e-01	3.058272e-01	4.884981e-15	4.884981e-15
244	3.058314e-01	3.058314e-01	3.058314e-01	4.884981e-15	4.884981e-15
245	3.058355e-01	3.058355e-01	3.058355e-01	4.884981e-15	4.884981e-15
246	3.058396e-01	3.058396e-01	3.058396e-01	4.773959e-15	4.773959e-15
247	3.058437e-01	3.058437e-01	3.058437e-01	4.884981e-15	4.884981e-15
248	3.058478e-01	3.058478e-01	3.058478e-01	4.773959e-15	4.773959e-15
249	3.058518e-01	3.058518e-01	3.058518e-01	4.773959e-15	4.773959e-15
250	3.058558e-01	3.058558e-01	3.058558e-01	4.884981e-15	4.884981e-15
251	3.058598e-01	3.058598e-01	3.058598e-01	4.884981e-15	4.884981e-15
252	3.058637e-01	3.058637e-01	3.058637e-01	4.884981e-15	4.884981e-15
253	3.058676e-01	3.058676e-01	3.058676e-01	4.884981e-15	4.884981e-15
254	3.058715e-01	3.058715e-01	3.058715e-01	4.884981e-15	4.884981e-15
255	3.058753e-01	3.058753e-01	3.058753e-01	5.107026e-15	5.107026e-15
256	3.058791e-01	3.058791e-01	3.058791e-01	5.218048e-15	5.218048e-15
257	3.058829e-01	3.058829e-01	3.058829e-01	5.218048e-15	5.218048e-15
258	3.058866e-01	3.058866e-01	3.058866e-01	5.440093e-15	5.440093e-15
259	3.058904e-01	3.058904e-01	3.058904e-01	5.440093e-15	5.440093e-15
260	3.058940e-01	3.058940e-01	3.058940e-01	5.662137e-15	5.662137e-15
261	3.058977e-01	3.058977e-01	3.058977e-01	5.440093e-15	5.440093e-15
262	3.059013e-01	3.059013e-01	3.059013e-01	5.440093e-15	5.440093e-15
263	3.059050e-01	3.059050e-01	3.059050e-01	5.773160e-15	5.773160e-15
264	3.059085e-01	3.059085e-01	3.059085e-01	5.662137e-15	5.662137e-15
265	3.059121e-01	3.059121e-01	3.059121e-01	5.662137e-15	5.662137e-15
266	3.059156e-01	3.059156e-01	3.059156e-01	5.995204e-15	5.995204e-15
267	3.059191e-01	3.059191e-01	3.059191e-01	5.995204e-15	5.995204e-15
268	3.059226e-01	3.059226e-01	3.059226e-01	5.995204e-15	5.995204e-15
269	3.059260e-01	3.059260e-01	3.059260e-01	6.217249e-15	6.217249e-15
270	3.059295e-01	3.059295e-01	3.059295e-01	6.217249e-15	6.217249e-15
271	3.059329e-01	3.059329e-01	3.059329e-01	6.217249e-15	6.217249e-15
272	3.059362e-01	3.059362e-01	3.059362e-01	5.995204e-15	5.995204e-15
273	3.059396e-01	3.059396e-01	3.059396e-01	5.773160e-15	5.773160e-15
274	3.059429e-01	3.059429e-01	3.059429e-01	5.995204e-15	5.995204e-15
275	3.059462e-01	3.059462e-01	3.059462e-01	5.995204e-15	5.995204e-15
276	3.059495e-01	3.059495e-01	3.059495e-01	6.217249e-15	6.217249e-15
277	3.059527e-01	3.059527e-01	3.059527e-01	5.995204e-15	5.995204e-15
278	3.059560e-01	3.059560e-01	3.059560e-01	5.995204e-15	5.995204e-15
279	3.059592e-01	3.059592e-01	3.059592e-01	6.217249e-15	6.217249e-15
280	3.059623e-01	3.059623e-01	3.059623e-01	6.328271e-15	6.328271e-15
281	3.059655e-01	3.059655e-01	3.059655e-01	5.995204e-15	5.995204e-15
282	3.059686e-01	3.059686e-01	3.059686e-01	5.995204e-15	5.995204e-15
283	3.059718e-01	3.059718e-01	3.059718e-01	6.217249e-15	6.217249e-15
284	3.059749e-01	3.059749e-01	3.059749e-01	5.995204e-15	5.995204e-15
285	3.059779e-01	3.059779e-01	3.059779e-01	5.995204e-15	5.995204e-15
286	3.059810e-01	3.059810e-01	3.059810e-01	5.773160e-15	5.773160e-15
287	3.059840e-01	3.059840e-01	3.059840e-01	5.773160e-15	5.773160e-15
288	3.059870e-01	3.059870e-01	3.059870e-01	5.662137e-15	5.662137e-15
289	3.059900e-01	3.059900e-01	3.059900e-01	5.440093e-15	5.440093e-15
290	3.059930e-01	3.059930e-01	3.059930e-01	5.440093e-15	5.440093e-15
291	3.059959e-01	3.059959e-01	3.059959e-01	5.662137e-15	5.662137e-15
292	3.059988e-01	3.059988e-01	3.059988e-01	5.773160e-15	5.773160e-15
293	3.060018e-01	3.060018e-01	3.060018e-01	5.773160e-15	5.773160e-15
294	3.060046e-01	3.060046e-01	3.060046e-01	5.995204e-15	5.995204e-15
295	3.060075e-01	3.060075e-01	3.060075e-01	5.995204e-15	5.995204e-15
296	3.060104e-01	3.060104e-01	3.060104e-01	5.995204e-15	5.995204e-15
297	3.060132e-01	3.060132e-01	3.060132e-01	5.773160e-15	5.773160e-15
298	3.060160e-01	3.060160e-01	3.060160e-01	5.773160e-15	5.773160e-15
299	3.060188e-01	3.060188e-01	3.060188e-01	5.773160e-15	5.773160e-15
300	3.060216e-01	3.060216e-01	3.060216e-01	5.662137e-15	5.662137e-15
301	3.060243e-01	3.060243e-01	3.060243e-01	5.773160e-15	5.773160e-15
302	3.060271e-01	3.060271e-01	3.060271e-01	5.773160e-15	5.773160e-15
303	3.060298e-01	3.060298e-01	3.060298e-01	5.773160e-15	5.773160e-15
304	3.060325e-01	3.060325e-01	3.060325e-01	5.662137e-15	5.662137e-15
305	3.060352e-01	3.060352e-01	3.060352e-01	5.662137e-15	5.662137e-15
306	3.060378e-01	3.060378e-01	3.060378e-01	5.662137e-15	5.662137e-15
307	3.060405e-01	3.060405e-01	3.060405e-01	5.440093e-15	5.440093e-15
308	3.060431e-01	3.060431e-01	3.060431e-01	5.440093e-15	5.440093e-15
309	3.060457e-01	3.060457e-01	3.060457e-01	5.107026e-15	5.107026e-15
310	3.060483e-01	3.060483e-01	3.060483e-01	5.218048e-15	5.218048e-15
311	3.060509e-01	3.060509e-01	3.060509e-01	5.218048e-15	5.218048e-15
312	3.060535e-01	3.060535e-01	3.060535e-01	5.440093e-15	5.440093e-15
313	3.060560e-01	3.060560e-01	3.060560e-01	5.662137e-15	5.662137e-15
314	3.060585e-01	3.060585e-01	3.060585e-01	5.440093e-15	5.440093e-15
315	3.060611e-01	3.060611e-01	3.060611e-01	5.218048e-15	5.218048e-15
316	3.060636e-01	3.060636e-01	3.060636e-01	5.440093e-15	5.440093e-15
317	3.060660e-01	3.060660e-01	3.060660e-01	5.662137e-15	5.662137e-15
318	3.060685e-01	3.060685e-01	3.060685e-01	5.440093e-15	5.440093e-15
319	3.060710e-01	3.060710e-01	3.060710e-01	5.662137e-15	5.662137e-15
320	3.060734e-01	3.060734e-01	3.060734e-01	5.440093e-15	5.440093e-15
321	3.060758e-01	3.060758e-01	3.060758e-01	5.662137e-15	5.662137e-15
322	3.060782e-01	3.060782e-01	3.060782e-01	5.662137e-15	5.662137e-15
323	3.060806e-01	3.060806e-01	3.060806e-01	5.440093e-15	5.440093e-15
324	3.060830e-01	3.060830e-01	3.060830e-01	5.662137e-15	5.662137e-15
325	3.060854e-01	3.060854e-01	3.060854e-01	5.773160e-15	5.773160e-15
326	3.060877e-01	3.060877e-01	3.060877e-01	5.773160e-15	5.773160e-15
327	3.060900e-01	3.060900e-01	3.060900e-01	5.773160e-15	5.773160e-15
328	3.060924e-01	3.060924e-01	3.060924e-01	6.217249e-15	6.217249e-15
329	3.060947e-01	3.060947e-01	3.060947e-01	5.995204e-15	5.995204e-15
330	3.060970e-01	3.060970e-01	3.060970e-01	6.217249e-15	6.217249e-15
331	3.060992e-01	3.060992e-01	3.060992e-01	5.995204e-15	5.995204e-15
332	3.061015e-01	3.061015e-01	3.061015e-01	5.773160e-15	5.773160e-15
333	3.061038e-01	3.061038e-01	3.061038e-01	5.662137e-15	5.662137e-15
334	3.061060e-01	3.061060e-01	3.061060e-01	5.662137e-15	5.662137e-15
335	3.061082e-01	3.061082e-01	3.061082e-01	5.662137e-15	5.662137e-15
336	3.061104e-01	3.061104e-01	3.061104e-01	5.662137e-15	5.662137e-15
337	3.061126e-01	3.061126e-01	3.061126e-01	5.773160e-15	5.773160e-15
338	3.061148e-01	3.061148e-01	3.061148e-01	5.995204e-15	5.995204e-15
339	3.061170e-01	3.061170e-01	3.061170e-01	6.217249e-15	6.217249e-15
340	3.061191e-01	3.061191e-01	3.061191e-01	6.217249e-15	6.217249e-15
341	3.061213e-01	3.061213e-01	3.061213e-01	6.328271e-15	6.328271e-15
342	3.061234e-01	3.061234e-01	3.061234e-01	6.328271e-15	6.328271e-15
343	3.061255e-01	3.061255e-01	3.061255e-01	6.328271e-15	6.328271e-15
344	3.061277e-01	3.061277e-01	3.061277e-01	6.217249e-15	6.217249e-15
345	3.061298e-01	3.061298e-01	3.061298e-01	6.217249e-15	6.217249e-15
346	3.061318e-01	3.061318e-01	3.061318e-01	6.328271e-15	6.328271e-15
347	3.061339e-01	3.061339e-01	3.061339e-01	6.328271e-15	6.328271e-15
348	3.061360e-01	3.061360e-01	3.061360e-01	6.550316e-15	6.550316e-15
349	3.061380e-01	3.061380e-01	3.061380e-01	6.328271e-15	6.328271e-15
350	3.061401e-01	3.061401e-01	3.061401e-01	6.328271e-15	6.328271e-15
351	3.061421e-01	3.061421e-01	3.061421e-01	6.217249e-15	6.217249e-15
352	3.061441e-01	3.061441e-01	3.061441e-01	5.995204e-15	5.995204e-15
353	3.061461e-01	3.061461e-01	3.061461e-01	6.217249e-15	6.217249e-15
354	3.061481e-01	3.061481e-01	3.061481e-01	6.328271e-15	6.328271e-15
355	3.061501e-01	3.061501e-01	3.061501e-01	6.217249e-15	6.217249e-15
356	3.061520e-01	3.061520e-01	3.061520e-01	6.217249e-15	6.217249e-15
357	3.061540e-01	3.061540e-01	3.061540e-01	6.217249e-15	6.217249e-15
358	3.061560e-01	3.061560e-01	3.061560e-01	5.995204e-15	5.995204e-15
359	3.061579e-01	3.061579e-01	3.061579e-01	5.995204e-15	5.995204e-15
360	3.061598e-01	3.061598e-01	3.061598e-01	5.995204e-15	5.995204e-15
361	3.061617e-01	3.061617e-01	3.061617e-01	5.995204e-15	5.995204e-15
362	3.061636e-01	3.061636e-01	3.061636e-01	6.217249e-15	6.217249e-15
363	3.061655e-01	3.061655e-01	3.061655e-01	6.217249e-15	6.217249e-15
364	3.061674e-01	3.061674e-01	3.061674e-01	5.995204e-15	5.995204e-15
365	3.061693e-01	3.061693e-01	3.061693e-01	5.995204e-15	5.995204e-15
366	3.061712e-01	3.061712e-01	3.061712e-01	6.328271e-15	6.328271e-15
367	3.061730e-01	3.061730e-01	3.061730e-01	6.328271e-15	6.328271e-15
368	3.061749e-01	3.061749e-01	3.061749e-01	6.217249e-15	6.217249e-15
369	3.061767e-01	3.061767e-01	3.061767e-01	6.328271e-15	6.328271e-15
370	3.061785e-01	3.061785e-01	3.061785e-01	6.328271e-15	6.328271e-15
371	3.061803e-01	3.061803e-01	3.061803e-01	6.550316e-15	6.550316e-15
372	3.061821e-01	3.061821e-01	3.061821e-01	6.550316e-15	6.550316e-15
373	3.061839e-01	3.061839e-01	3.061839e-01	6.550316e-15	6.550316e-15
374	3.061857e-01	3.061857e-01	3.061857e-01	6.550316e-15	6.550316e-15
375	3.061875e-01	3.061875e-01	3.061875e-01	6.550316e-15	6.550316e-15
376	3.061892e-01	3.061892e-01	3.061892e-01	6.550316e-15	6.550316e-15
377	3.061910e-01	3.061910e-01	3.061910e-01	6.661338e-15	6.661338e-15
378	3.061928e-01	3.061928e-01	3.061928e-01	7.105427e-15	7.105427e-15
379	3.061945e-01	3.061945e-01	3.061945e-01	7.105427e-15	7.105427e-15
380	3.061962e-01	3.061962e-01	3.061962e-01	7.105427e-15	7.105427e-15
381	3.061979e-01	3.061979e-01	3.061979e-01	7.105427e-15	7.105427e-15
382	3.061997e-01	3.061997e-01	3.061997e-01	6.883383e-15	6.883383e-15
383	3.062014e-01	3.062014e-01	3.062014e-01	6.883383e-15	6.883383e-15
384	3.062030e-01	3.062030e-01	3.062030e-01	6.661338e-15	6.661338e-15
385	3.062047e-01	3.062047e-01	3.062047e-01	6.883383e-15	6.883383e-15
386	3.062064e-01	3.062064e-01	3.062064e-01	6.883383e-15	6.883383e-15
387	3.062081e-01	3.062081e-01	3.062081e-01	6.883383e-15	6.883383e-15
388	3.062097e-01	3.062097e-01	3.062097e-01	7.105427e-15	7.105427e-15
389	3.062114e-01	3.062114e-01	3.062114e-01	7.105427e-15	7.105427e-15
390	3.062130e-01	3.062130e-01	3.062130e-01	7.216450e-15	7.216450e-15
391	3.062147e-01	3.062147e-01	3.062147e-01	7.438494e-15	7.438494e-15
392	3.062163e-01	3.062163e-01	3.062163e-01	7.216450e-15	7.216450e-15
393	3.062179e-01	3.062179e-01	3.062179e-01	7.438494e-15	7.438494e-15
394	3.062195e-01	3.062195e-01	3.062195e-01	7.438494e-15	7.438494e-15
395	3.062211e-01	3.062211e-01	3.062211e-01	7.660539e-15	7.660539e-15
396	3.062227e-01	3.062227e-01	3.062227e-01	7.660539e-15	7.660539e-15
397	3.062243e-01	3.062243e-01	3.062243e-01	7.438494e-15	7.438494e-15
398	3.062259e-01	3.062259e-01	3.062259e-01	7.438494e-15	7.438494e-15
399	3.062274e-01	3.062274e-01	3.062274e-01	7.660539e-15	7.660539e-15
400	3.062290e-01	3.062290e-01	3.062290e-01	7.771561e-15	7.771561e-15
401	3.062305e-01	3.062305e-01	3.062305e-01	7.771561e-15	7.771561e-15
402	3.062321e-01	3.062321e-01	3.062321e-01	7.771561e-15	7.771561e-15
403	3.062336e-01	3.062336e-01	3.062336e-01	8.104628e-15	8.104628e-15
404	3.062352e-01	3.062352e-01	3.062352e-01	8.326673e-15	8.326673e-15
405	3.062367e-01	3.062367e-01	3.062367e-01	8.326673e-15	8.326673e-15
406	3.062382e-01	3.062382e-01	3.062382e-01	8.104628e-15	8.104628e-15
407	3.062397e-01	3.062397e-01	3.062397e-01	7.993606e-15	7.993606e-15
408	3.062412e-01	3.062412e-01	3.062412e-01	7.771561e-15	7.771561e-15
409	3.062427e-01	3.062427e-01	3.062427e-01	7.660539e-15	7.660539e-15
410	3.062442e-01	3.062442e-01	3.062442e-01	7.771561e-15	7.771561e-15
411	3.062457e-01	3.062457e-01	3.062457e-01	7.660539e-15	7.660539e-15
412	3.062471e-01	3.062471e-01	3.062471e-01	7.438494e-15	7.438494e-15
413	3.062486e-01	3.062486e-01	3.062486e-01	7.216450e-15	7.216450e-15
414	3.062500e-01	3.062500e-01	3.062500e-01	7.105427e-15	7.105427e-15
415	3.062515e-01	3.062515e-01	3.062515e-01	6.883383e-15	6.883383e-15
416	3.062529e-01	3.062529e-01	3.062529e-01	6.883383e-15	6.883383e-15
417	3.062544e-01	3.062544e-01	3.062544e-01	7.105427e-15	7.105427e-15
418	3.062558e-01	3.062558e-01	3.062558e-01	7.105427e-15	7.105427e-15
419	3.062572e-01	3.062572e-01	3.062572e-01	7.216450e-15	7.216450e-15
420	3.062586e-01	3.062586e-01	3.062586e-01	7.438494e-15	7.438494e-15
421	3.062601e-01	3.062601e-01	3.062601e-01	7.438494e-15	7.438494e-15
422	3.062615e-01	3.062615e-01	3.062615e-01	7.216450e-15	7.216450e-15
423	3.062628e-01	3.062628e-01	3.062628e-01	7.438494e-15	7.438494e-15
424	3.062642e-01	3.062642e-01	3.062642e-01	7.660539e-15	7.660539e-15
425	3.062656e-01	3.062656e-01	3.062656e-01	7.216450e-15	7.216450e-15
426	3.062670e-01	3.062670e-01	3.062670e-01	7.438494e-15	7.438494e-15
427	3.062684e-01	3.062684e-01	3.062684e-01	7.216450e-15	7.216450e-15
428	3.062697e-01	3.062697e-01	3.062697e-01	7.438494e-15	7.438494e-15
429	3.062711e-01	3.062711e-01	3.062711e-01	7.438494e-15	7.438494e-15
430	3.062724e-01	3.062724e-01	3.062724e-01	7.216450e-15	7.216450e-15
431	3.062738e-01	3.062738e-01	3.062738e-01	7.216450e-15	7.216450e-15
432	3.062751e-01	3.062751e-01	3.062751e-01	7.216450e-15	7.216450e-15
433	3.062765e-01	3.062765e-01	3.062765e-01	7.216450e-15	7.216450e-15
434	3.062778e-01	3.062778e-01	3.062778e-01	7.216450e-15	7.216450e-15
435	3.062791e-01	3.062791e-01	3.062791e-01	7.216450e-15	7.216450e-15
436	3.062804e-01	3.062804e-01	3.062804e-01	7.438494e-15	7.438494e-15
437	3.062817e-01	3.062817e-01	3.062817e-01	7.216450e-15	7.216450e-15
438	3.062830e-01	3.062830e-01	3.062830e-01	6.883383e-15	6.883383e-15
439	3.062843e-01	3.062843e-01	3.062843e-01	6.883383e-15	6.883383e-15
440	3.062856e-01	3.062856e-01	3.062856e-01	7.105427e-15	7.105427e-15
441	3.062869e-01	3.062869e-01	3.062869e-01	7.216450e-15	7.216450e-15
442	3.062882e-01	3.062882e-01	3.062882e-01	7.105427e-15	7.105427e-15
443	3.062894e-01	3.062894e-01	3.062894e-01	7.105427e-15	7.105427e-15
444	3.062907e-01	3.062907e-01	3.062907e-01	6.883383e-15	6.883383e-15
445	3.062920e-01	3.062920e-01	3.062920e-01	6.661338e-15	6.661338e-15
446	3.062932e-01	3.062932e-01	3.062932e-01	7.105427e-15	7.105427e-15
447	3.062945e-01	3.062945e-01	3.062945e-01	7.216450e-15	7.216450e-15
448	3.062957e-01	3.062957e-01	3.062957e-01	7.216450e-15	7.216450e-15
449	3.062970e-01	3.062970e-01	3.062970e-01	7.438494e-15	7.438494e-15
450	3.062982e-01	3.062982e-01	3.062982e-01	7.660539e-15	7.660539e-15
451	3.062994e-01	3.062994e-01	3.062994e-01	7.660539e-15	7.660539e-15
452	3.063006e-01	3.063006e-01	3.063006e-01	7.660539e-15	7.660539e-15
453	3.063019e-01	3.063019e-01	3.063019e-01	7.771561e-15	7.771561e-15
454	3.063031e-01	3.063031e-01	3.063031e-01	7.771561e-15	7.771561e-15
455	3.063043e-01	3.063043e-01	3.063043e-01	7.771561e-15	7.771561e-15
456	3.063055e-01	3.063055e-01	3.063055e-01	7.771561e-15	7.771561e-15
457	3.063067e-01	3.063067e-01	3.063067e-01	7.993606e-15	7.993606e-15
458	3.063079e-01	3.063079e-01	3.063079e-01	7.993606e-15	7.993606e-15
459	3.063090e-01	3.063090e-01	3.063090e-01	7.993606e-15	7.993606e-15
460	3.063102e-01	3.063102e-01	3.063102e-01	7.771561e-15	7.771561e-15
461	3.063114e-01	3.063114e-01	3.063114e-01	7.771561e-15	7.771561e-15
462	3.063126e-01	3.063126e-01	3.063126e-01	7.660539e-15	7.660539e-15
463	3.063137e-01	3.063137e-01	3.063137e-01	7.771561e-15	7.771561e-15
464	3.063149e-01	3.063149e-01	3.063149e-01	7.771561e-15	7.771561e-15
465	3.063161e-01	3.063161e-01	3.063161e-01	7.660539e-15	7.660539e-15
466	3.063172e-01	3.063172e-01	3.063172e-01	7.660539e-15	7.660539e-15
467	3.063183e-01	3.063183e-01	3.063183e-01	7.660539e-15	7.660539e-15
468	3.063195e-01	3.063195e-01	3.063195e-01	7.438494e-15	7.438494e-15
469	3.063206e-01	3.063206e-01	3.063206e-01	7.660539e-15	7.660539e-15
470	3.063218e-01	3.063218e-01	3.063218e-01	7.216450e-15	7.216450e-15
471	3.063229e-01	3.063229e-01	3.063229e-01	7.105427e-15	7.105427e-15
472	3.063240e-01	3.063240e-01	3.063240e-01	7.105427e-15	7.105427e-15
473	3.063251e-01	3.063251e-01	3.063251e-01	7.105427e-15	7.105427e-15
474	3.063262e-01	3.063262e-01	3.063262e-01	6.883383e-15	6.883383e-15
475	3.063273e-01	3.063273e-01	3.063273e-01	6.661338e-15	6.661338e-15
476	3.063284e-01	3.063284e-01	3.063284e-01	6.661338e-15	6.661338e-15
477	3.063295e-01	3.063295e-01	3.063295e-01	6.661338e-15	6.661338e-15
478	3.063306e-01	3.063306e-01	3.063306e-01	6.661338e-15	6.661338e-15
479	3.063317e-01	3.063317e-01	3.063317e-01	6.661338e-15	6.661338e-15
480	3.063328e-01	3.063328e-01	3.063328e-01	6.661338e-15	6.661338e-15
481	3.063339e-01	3.063339e-01	3.063339e-01	6.661338e-15	6.661338e-15
482	3.063350e-01	3.063350e-01	3.063350e-01	6.883383e-15	6.883383e-15
483	3.063360e-01	3.063360e-01	3.063360e-01	6.883383e-15	6.883383e-15
484	3.063371e-01	3.063371e-01	3.063371e-01	7.105427e-15	7.105427e-15
485	3.063382e-01	3.063382e-01	3.063382e-01	7.105427e-15	7.105427e-15
486	3.063392e-01	3.063392e-01	3.063392e-01	7.105427e-15	7.105427e-15
487	3.063403e-01	3.063403e-01	3.063403e-01	7.216450e-15	7.216450e-15
488	3.063413e-01	3.063413e-01	3.063413e-01	7.216450e-15	7.216450e-15
489	3.063424e-01	3.063424e-01	3.063424e-01	7.216450e-15	7.216450e-15
490	3.063434e-01	3.063434e-01	3.063434e-01	7.438494e-15	7.438494e-15
491	3.063444e-01	3.063444e-01	3.063444e-01	7.771561e-15	7.771561e-15
492	3.063455e-01	3.063455e-01	3.063455e-01	7.771561e-15	7.771561e-15
493	3.063465e-01	3.063465e-01	3.063465e-01	7.660539e-15	7.660539e-15
494	3.063475e-01	3.063475e-01	3.063475e-01	7.438494e-15	7.438494e-15
495	3.063485e-01	3.063485e-01	3.063485e-01	7.216450e-15	7.216450e-15
496	3.063495e-01	3.063495e-01	3.063495e-01	7.438494e-15	7.438494e-15
497	3.063506e-01	3.063506e-01	3.063506e-01	7.660539e-15	7.660539e-15
498	3.063516e-01	3.063516e-01	3.063516e-01	7.660539e-15	7.660539e-15
499	3.063526e-01	3.063526e-01	3.063526e-01	7.771561e-15	7.771561e-15
500	3.063536e-01	3.063536e-01	3.063536e-01	7.660539e-15	7.660539e-15
501	3.063546e-01	3.063546e-01	3.063546e-01	7.438494e-15	7.438494e-15
502	3.063556e-01	3.063556e-01	3.063556e-01	7.438494e-15	7.438494e-15
503	3.063565e-01	3.063565e-01	3.063565e-01	7.660539e-15	7.660539e-15
504	3.063575e-01	3.063575e-01	3.063575e-01	7.660539e-15	7.660539e-15
505	3.063585e-01	3.063585e-01	3.063585e-01	7.660539e-15	7.660539e-15
506	3.063595e-01	3.063595e-01	3.063595e-01	7.660539e-15	7.660539e-15
507	3.063605e-01	3.063605e-01	3.063605e-01	7.438494e-15	7.438494e-15
508	3.063614e-01	3.063614e-01	3.063614e-01	7.438494e-15	7.438494e-15
509	3.063624e-01	3.063624e-01	3.063624e-01	7.660539e-15	7.660539e-15
510	3.063633e-01	3.063633e-01	3.063633e-01	7.660539e-15	7.660539e-15
511	3.063643e-01	3.063643e-01	3.063643e-01	7.660539e-15	7.660539e-15
512	3.063653e-01	3.063653e-01	3.063653e-01	7.660539e-15	7.660539e-15
513	3.063662e-01	3.063662e-01	3.063662e-01	7.438494e-15	7.438494e-15
514	3.063671e-01	3.063671e-01	3.063671e-01	7.660539e-15	7.660539e-15
515	3.063681e-01	3.063681e-01	3.063681e-01	7.660539e-15	7.660539e-15
516	3.063690e-01	3.063690e-01	3.063690e-01	7.771561e-15	7.771561e-15
517	3.063700e-01	3.063700e-01	3.063700e-01	7.771561e-15	7.771561e-15
518	3.063709e-01	3.063709e-01	3.063709e-01	7.771561e-15	7.771561e-15
519	3.063718e-01	3.063718e-01	3.063718e-01	7.771561e-15	7.771561e-15
520	3.063727e-01	3.063727e-01	3.063727e-01	7.993606e-15	7.993606e-15
521	3.063737e-01	3.063737e-01	3.063737e-01	7.993606e-15	7.993606e-15
522	3.063746e-01	3.063746e-01	3.063746e-01	7.993606e-15	7.993606e-15
523	3.063755e-01	3.063755e-01	3.063755e-01	8.104628e-15	8.104628e-15
524	3.063764e-01	3.063764e-01	3.063764e-01	7.993606e-15	7.993606e-15
525	3.063773e-01	3.063773e-01	3.063773e-01	7.993606e-15	7.993606e-15
526	3.063782e-01	3.063782e-01	3.063782e-01	7.993606e-15	7.993606e-15
527	3.063791e-01	3.063791e-01	3.063791e-01	7.993606e-15	7.993606e-15
528	3.063800e-01	3.063800e-01	3.063800e-01	7.771561e-15	7.771561e-15
529	3.063809e-01	3.063809e-01	3.063809e-01	7.660539e-15	7.660539e-15
530	3.063818e-01	3.063818e-01	3.063818e-01	7.660539e-15	7.660539e-15
531	3.063827e-01	3.063827e-01	3.063827e-01	7.438494e-15	7.438494e-15
532	3.063836e-01	3.063836e-01	3.063836e-01	7.660539e-15	7.660539e-15
533	3.063844e-01	3.063844e-01	3.063844e-01	7.438494e-15	7.438494e-15
534	3.063853e-01	3.063853e-01	3.063853e-01	7.660539e-15	7.660539e-15
535	3.063862e-01	3.063862e-01	3.063862e-01	7.660539e-15	7.660539e-15
536	3.063871e-01	3.063871e-01	3.063871e-01	7.438494e-15	7.438494e-15
537	3.063879e-01	3.063879e-01	3.063879e-01	7.438494e-15	7.438494e-15
538	3.063888e-01	3.063888e-01	3.063888e-01	7.660539e-15	7.660539e-15
539	3.063896e-01	3.063896e-01	3.063896e-01	7.993606e-15	7.993606e-15
540	3.063905e-01	3.063905e-01	3.063905e-01	8.104628e-15	8.104628e-15
541	3.063914e-01	3.063914e-01	3.063914e-01	8.104628e-15	8.104628e-15
542	3.063922e-01	3.063922e-01	3.063922e-01	8.104628e-15	8.104628e-15
543	3.063930e-01	3.063930e-01	3.063930e-01	7.993606e-15	7.993606e-15
544	3.063939e-01	3.063939e-01	3.063939e-01	7.993606e-15	7.993606e-15
545	3.063947e-01	3.063947e-01	3.063947e-01	8.104628e-15	8.104628e-15
546	3.063956e-01	3.063956e-01	3.063956e-01	8.104628e-15	8.104628e-15
547	3.063964e-01	3.063964e-01	3.063964e-01	8.326673e-15	8.326673e-15
548	3.063972e-01	3.063972e-01	3.063972e-01	7.993606e-15	7.993606e-15
549	3.063981e-01	3.063981e-01	3.063981e-01	7.993606e-15	7.993606e-15
550	3.063989e-01	3.063989e-01	3.063989e-01	8.104628e-15	8.104628e-15
551	3.063997e-01	3.063997e-01	3.063997e-01	8.548717e-15	8.548717e-15
552	3.064005e-01	3.064005e-01	3.064005e-01	8.659740e-15	8.659740e-15
553	3.064014e-01	3.064014e-01	3.064014e-01	8.659740e-15	8.659740e-15
554	3.064022e-01	3.064022e-01	3.064022e-01	8.659740e-15	8.659740e-15
555	3.064030e-01	3.064030e-01	3.064030e-01	8.881784e-15	8.881784e-15
556	3.064038e-01	3.064038e-01	3.064038e-01	8.881784e-15	8.881784e-15
557	3.064046e-01	3.064046e-01	3.064046e-01	8.881784e-15	8.881784e-15
558	3.064054e-01	3.064054e-01	3.064054e-01	8.548717e-15	8.548717e-15
559	3.064062e-01	3.064062e-01	3.064062e-01	8.881784e-15	8.881784e-15
560	3.064070e-01	3.064070e-01	3.064070e-01	9.103829e-15	9.103829e-15
561	3.064078e-01	3.064078e-01	3.064078e-01	9.214851e-15	9.214851e-15
562	3.064086e-01	3.064086e-01	3.064086e-01	9.214851e-15	9.214851e-15
563	3.064094e-01	3.064094e-01	3.064094e-01	9.436896e-15	9.436896e-15
564	3.064101e-01	3.064101e-01	3.064101e-01	9.436896e-15	9.436896e-15
565	3.064109e-01	3.064109e-01	3.064109e-01	9.547918e-15	9.547918e-15
566	3.064117e-01	3.064117e-01	3.064117e-01	9.547918e-15	9.547918e-15
567	3.064125e-01	3.064125e-01	3.064125e-01	9.547918e-15	9.547918e-15
568	3.064133e-01	3.064133e-01	3.064133e-01	9.547918e-15	9.547918e-15
569	3.064140e-01	3.064140e-01	3.064140e-01	9.547918e-15	9.547918e-15
570	3.064148e-01	3.064148e-01	3.064148e-01	9.769963e-15	9.769963e-15
571	3.064156e-01	3.064156e-01	3.064156e-01	9.769963e-15	9.769963e-15
572	3.064163e-01	3.064163e-01	3.064163e-01	9.769963e-15	9.769963e-15
573	3.064171e-01	3.064171e-01	3.064171e-01	9.992007e-15	9.992007e-15
574	3.064178e-01	3.064178e-01	3.064178e-01	9.769963e-15	9.769963e-15
575	3.064186e-01	3.064186e-01	3.064186e-01	9.547918e-15	9.547918e-15
576	3.064194e-01	3.064194e-01	3.064194e-01	9.436896e-15	9.436896e-15
577	3.064201e-01	3.064201e-01	3.064201e-01	9.547918e-15	9.547918e-15
578	3.064209e-01	3.064209e-01	3.064209e-01	9.769963e-15	9.769963e-15
579	3.064216e-01	3.064216e-01	3.064216e-01	9.547918e-15	9.547918e-15
580	3.064223e-01	3.064223e-01	3.064223e-01	9.547918e-15	9.547918e-15
581	3.064231e-01	3.064231e-01	3.064231e-01	9.436896e-15	9.436896e-15
582	3.064238e-01	3.064238e-01	3.064238e-01	9.214851e-15	9.214851e-15
583	3.064246e-01	3.064246e-01	3.064246e-01	9.547918e-15	9.547918e-15
584	3.064253e-01	3.064253e-01	3.064253e-01	9.547918e-15	9.547918e-15
585	3.064260e-01	3.064260e-01	3.064260e-01	9.547918e-15	9.547918e-15
586	3.064267e-01	3.064267e-01	3.064267e-01	9.547918e-15	9.547918e-15
587	3.064275e-01	3.064275e-01	3.064275e-01	9.992007e-15	9.992007e-15
588	3.064282e-01	3.064282e-01	3.064282e-01	9.992007e-15	9.992007e-15
589	3.064289e-01	3.064289e-01	3.064289e-01	9.992007e-15	9.992007e-15
590	3.064296e-01	3.064296e-01	3.064296e-01	9.992007e-15	9.992007e-15
591	3.064303e-01	3.064303e-01	3.064303e-01	9.992007e-15	9.992007e-15
592	3.064311e-01	3.064311e-01	3.064311e-01	9.769963e-15	9.769963e-15
593	3.064318e-01	3.064318e-01	3.064318e-01	9.769963e-15	9.769963e-15
594	3.064325e-01	3.064325e-01	3.064325e-01	9.547918e-15	9.547918e-15
595	3.064332e-01	3.064332e-01	3.064332e-01	9.436896e-15	9.436896e-15
596	3.064339e-01	3.064339e-01	3.064339e-01	9.214851e-15	9.214851e-15
597	3.064346e-01	3.064346e-01	3.064346e-01	9.214851e-15	9.214851e-15
598	3.064353e-01	3.064353e-01	3.064353e-01	9.214851e-15	9.214851e-15
599	3.064360e-01	3.064360e-01	3.064360e-01	9.214851e-15	9.214851e-15
600	3.064367e-01	3.064367e-01	3.064367e-01	9.214851e-15	9.214851e-15
601	3.064374e-01	3.064374e-01	3.064374e-01	9.214851e-15	9.214851e-15
602	3.064381e-01	3.064381e-01	3.064381e-01	9.103829e-15	9.103829e-15
603	3.064387e-01	3.064387e-01	3.064387e-01	8.881784e-15	8.881784e-15
604	3.064394e-01	3.064394e-01	3.064394e-01	9.103829e-15	9.103829e-15
605	3.064401e-01	3.064401e-01	3.064401e-01	9.214851e-15	9.214851e-15
606	3.064408e-01	3.064408e-01	3.064408e-01	9.214851e-15	9.214851e-15
607	3.064415e-01	3.064415e-01	3.064415e-01	9.103829e-15	9.103829e-15
608	3.064421e-01	3.064421e-01	3.064421e-01	9.103829e-15	9.103829e-15
609	3.064428e-01	3.064428e-01	3.064428e-01	9.103829e-15	9.103829e-15
610	3.064435e-01	3.064435e-01	3.064435e-01	8.881784e-15	8.881784e-15
611	3.064442e-01	3.064442e-01	3.064442e-01	8.659740e-15	8.659740e-15
612	3.064448e-01	3.064448e-01	3.064448e-01	8.659740e-15	8.659740e-15
613	3.064455e-01	3.064455e-01	3.064455e-01	8.659740e-15	8.659740e-15
614	3.064462e-01	3.064462e-01	3.064462e-01	8.881784e-15	8.881784e-15
615	3.064468e-01	3.064468e-01	3.064468e-01	8.659740e-15	8.659740e-15
616	3.064475e-01	3.064475e-01	3.064475e-01	8.881784e-15	8.881784e-15
617	3.064481e-01	3.064481e-01	3.064481e-01	8.881784e-15	8.881784e-15
618	3.064488e-01	3.064488e-01	3.064488e-01	9.103829e-15	9.103829e-15
619	3.064494e-01	3.064494e-01	3.064494e-01	9.103829e-15	9.103829e-15
620	3.064501e-01	3.064501e-01	3.064501e-01	8.881784e-15	8.881784e-15
621	3.064507e-01	3.064507e-01	3.064507e-01	8.881784e-15	8.881784e-15
622	3.064514e-01	3.064514e-01	3.064514e-01	8.659740e-15	8.659740e-15
623	3.064520e-01	3.064520e-01	3.064520e-01	8.548717e-15	8.548717e-15
624	3.064527e-01	3.064527e-01	3.064527e-01	8.548717e-15	8.548717e-15
625	3.064533e-01	3.064533e-01	3.064533e-01	8.326673e-15	8.326673e-15
626	3.064539e-01	3.064539e-01	3.064539e-01	8.326673e-15	8.326673e-15
627	3.064546e-01	3.064546e-01	3.064546e-01	8.326673e-15	8.326673e-15
628	3.064552e-01	3.064552e-01	3.064552e-01	8.326673e-15	8.326673e-15
629	3.064558e-01	3.064558e-01	3.064558e-01	8.548717e-15	8.548717e-15
630	3.064565e-01	3.064565e-01	3.064565e-01	8.548717e-15	8.548717e-15
631	3.064571e-01	3.064571e-01	3.064571e-01	8.659740e-15	8.659740e-15
632	3.064577e-01	3.064577e-01	3.064577e-01	8.659740e-15	8.659740e-15
633	3.064583e-01	3.064583e-01	3.064583e-01	8.659740e-15	8.659740e-15
634	3.064590e-01	3.064590e-01	3.064590e-01	8.659740e-15	8.659740e-15
635	3.064596e-01	3.064596e-01	3.064596e-01	8.548717e-15	8.548717e-15
636	3.064602e-01	3.064602e-01	3.064602e-01	8.659740e-15	8.659740e-15
637	3.064608e-01	3.064608e-01	3.064608e-01	8.659740e-15	8.659740e-15
638	3.064614e-01	3.064614e-01	3.064614e-01	8.881784e-15	8.881784e-15
639	3.064620e-01	3.064620e-01	3.064620e-01	9.103829e-15	9.103829e-15
640	3.064627e-01	3.064627e-01	3.064627e-01	9.214851e-15	9.214851e-15
641	3.064633e-01	3.064633e-01	3.064633e-01	9.214851e-15	9.214851e-15
642	3.064639e-01	3.064639e-01	3.064639e-01	9.214851e-15	9.214851e-15
643	3.064645e-01	3.064645e-01	3.064645e-01	9.214851e-15	9.214851e-15
644	3.064651e-01	3.064651e-01	3.064651e-01	9.436896e-15	9.436896e-15
645	3.064657e-01	3.064657e-01	3.064657e-01	9.436896e-15	9.436896e-15
646	3.064663e-01	3.064663e-01	3.064663e-01	9.214851e-15	9.214851e-15
647	3.064669e-01	3.064669e-01	3.064669e-01	9.103829e-15	9.103829e-15
648	3.064675e-01	3.064675e-01	3.064675e-01	9.214851e-15	9.214851e-15
649	3.064681e-01	3.064681e-01	3.064681e-01	9.103829e-15	9.103829e-15
650	3.064686e-01	3.064686e-01	3.064686e-01	9.103829e-15	9.103829e-15
651	3.064692e-01	3.064692e-01	3.064692e-01	9.103829e-15	9.103829e-15
652	3.064698e-01	3.064698e-01	3.064698e-01	9.103829e-15	9.103829e-15
653	3.064704e-01	3.064704e-01	3.064704e-01	9.214851e-15	9.214851e-15
654	3.064710e-01	3.064710e-01	3.064710e-01	9.214851e-15	9.214851e-15
655	3.064716e-01	3.064716e-01	3.064716e-01	9.103829e-15	9.103829e-15
656	3.064722e-01	3.064722e-01	3.064722e-01	9.103829e-15	9.103829e-15
657	3.064727e-01	3.064727e-01	3.064727e-01	9.103829e-15	9.103829e-15
658	3.064733e-01	3.064733e-01	3.064733e-01	9.103829e-15	9.103829e-15
659	3.064739e-01	3.064739e-01	3.064739e-01	9.103829e-15	9.103829e-15
660	3.064745e-01	3.064745e-01	3.064745e-01	9.214851e-15	9.214851e-15
661	3.064750e-01	3.064750e-01	3.064750e-01	9.103829e-15	9.103829e-15
662	3.064756e-01	3.064756e-01	3.064756e-01	8.881784e-15	8.881784e-15
663	3.064762e-01	3.064762e-01	3.064762e-01	8.881784e-15	8.881784e-15
664	3.064767e-01	3.064767e-01	3.064767e-01	8.881784e-15	8.881784e-15
665	3.064773e-01	3.064773e-01	3.064773e-01	8.881784e-15	8.881784e-15
666	3.064779e-01	3.064779e-01	3.064779e-01	9.103829e-15	9.103829e-15
667	3.064784e-01	3.064784e-01	3.064784e-01	8.881784e-15	8.881784e-15
668	3.064790e-01	3.064790e-01	3.064790e-01	8.881784e-15	8.881784e-15
669	3.064795e-01	3.064795e-01	3.064795e-01	8.881784e-15	8.881784e-15
670	3.064801e-01	3.064801e-01	3.064801e-01	8.659740e-15	8.659740e-15
671	3.064807e-01	3.064807e-01	3.064807e-01	8.659740e-15	8.659740e-15
672	3.064812e-01	3.064812e-01	3.064812e-01	8.548717e-15	8.548717e-15
673	3.064818e-01	3.064818e-01	3.064818e-01	8.548717e-15	8.548717e-15
674	3.064823e-01	3.064823e-01	3.064823e-01	8.104628e-15	8.104628e-15
675	3.064829e-01	3.064829e-01	3.064829e-01	8.104628e-15	8.104628e-15
676	3.064834e-01	3.064834e-01	3.064834e-01	7.993606e-15	7.993606e-15
677	3.064840e-01	3.064840e-01	3.064840e-01	7.771561e-15	7.771561e-15
678	3.064845e-01	3.064845e-01	3.064845e-01	7.660539e-15	7.660539e-15
679	3.064850e-01	3.064850e-01	3.064850e-01	7.771561e-15	7.771561e-15
680	3.064856e-01	3.064856e-01	3.064856e-01	7.993606e-15	7.993606e-15
681	3.064861e-01	3.064861e-01	3.064861e-01	7.771561e-15	7.771561e-15
682	3.064867e-01	3.064867e-01	3.064867e-01	7.771561e-15	7.771561e-15
683	3.064872e-01	3.064872e-01	3.064872e-01	7.993606e-15	7.993606e-15
684	3.064877e-01	3.064877e-01	3.064877e-01	7.771561e-15	7.771561e-15
685	3.064883e-01	3.064883e-01	3.064883e-01	7.771561e-15	7.771561e-15
686	3.064888e-01	3.064888e-01	3.064888e-01	7.660539e-15	7.660539e-15
687	3.064893e-01	3.064893e-01	3.064893e-01	7.438494e-15	7.438494e-15
688	3.064898e-01	3.064898e-01	3.064898e-01	7.660539e-15	7.660539e-15
689	3.064904e-01	3.064904e-01	3.064904e-01	7.438494e-15	7.438494e-15
690	3.064909e-01	3.064909e-01	3.064909e-01	7.660539e-15	7.660539e-15
691	3.064914e-01	3.064914e-01	3.064914e-01	7.660539e-15	7.660539e-15
692	3.064919e-01	3.064919e-01	3.064919e-01	7.771561e-15	7.771561e-15
693	3.064925e-01	3.064925e-01	3.064925e-01	8.104628e-15	8.104628e-15
694	3.064930e-01	3.064930e-01	3.064930e-01	8.104628e-15	8.104628e-15
695	3.064935e-01	3.064935e-01	3.064935e-01	8.326673e-15	8.326673e-15
696	3.064940e-01	3.064940e-01	3.064940e-01	8.548717e-15	8.548717e-15
697	3.064945e-01	3.064945e-01	3.064945e-01	8.659740e-15	8.659740e-15
698	3.064950e-01	3.064950e-01	3.064950e-01	8.659740e-15	8.659740e-15
699	3.064955e-01	3.064955e-01	3.064955e-01	8.881784e-15	8.881784e-15
700	3.064961e-01	3.064961e-01	3.064961e-01	9.214851e-15	9.214851e-15
701	3.064966e-01	3.064966e-01	3.064966e-01	9.436896e-15	9.436896e-15
702	3.064971e-01	3.064971e-01	3.064971e-01	9.547918e-15	9.547918e-15
703	3.064976e-01	3.064976e-01	3.064976e-01	9.547918e-15	9.547918e-15
704	3.064981e-01	3.064981e-01	3.064981e-01	9.547918e-15	9.547918e-15
705	3.064986e-01	3.064986e-01	3.064986e-01	9.992007e-15	9.992007e-15
706	3.064991e-01	3.064991e-01	3.064991e-01	9.769963e-15	9.769963e-15
707	3.064996e-01	3.064996e-01	3.064996e-01	9.769963e-15	9.769963e-15
708	3.065001e-01	3.065001e-01	3.065001e-01	9.436896e-15	9.436896e-15
709	3.065006e-01	3.065006e-01	3.065006e-01	9.214851e-15	9.214851e-15
710	3.065011e-01	3.065011e-01	3.065011e-01	9.436896e-15	9.436896e-15
711	3.065016e-01	3.065016e-01	3.065016e-01	9.436896e-15	9.436896e-15
712	3.065021e-01	3.065021e-01	3.065021e-01	9.436896e-15	9.436896e-15
713	3.065026e-01	3.065026e-01	3.065026e-01	9.436896e-15	9.436896e-15
714	3.065030e-01	3.065030e-01	3.065030e-01	9.547918e-15	9.547918e-15
715	3.065035e-01	3.065035e-01	3.065035e-01	9.769963e-15	9.769963e-15
716	3.065040e-01	3.065040e-01	3.065040e-01	9.547918e-15	9.547918e-15
717	3.065045e-01	3.065045e-01	3.065045e-01	9.547918e-15	9.547918e-15
718	3.065050e-01	3.065050e-01	3.065050e-01	9.436896e-15	9.436896e-15
719	3.065055e-01	3.065055e-01	3.065055e-01	9.547918e-15	9.547918e-15
720	3.065060e-01	3.065060e-01	3.065060e-01	9.547918e-15	9.547918e-15
721	3.065064e-01	3.065064e-01	3.065064e-01	9.547918e-15	9.547918e-15
722	3.065069e-01	3.065069e-01	3.065069e-01	9.436896e-15	9.436896e-15
723	3.065074e-01	3.065074e-01	3.065074e-01	9.214851e-15	9.214851e-15
724	3.065079e-01	3.065079e-01	3.065079e-01	9.214851e-15	9.214851e-15
725	3.065083e-01	3.065083e-01	3.065083e-01	9.214851e-15	9.214851e-15
726	3.065088e-01	3.065088e-01	3.065088e-01	9.103829e-15	9.103829e-15
727	3.065093e-01	3.065093e-01	3.065093e-01	9.103829e-15	9.103829e-15
728	3.065098e-01	3.065098e-01	3.065098e-01	8.881784e-15	8.881784e-15
729	3.065102e-01	3.065102e-01	3.065102e-01	9.103829e-15	9.103829e-15
730	3.065107e-01	3.065107e-01	3.065107e-01	8.881784e-15	8.881784e-15
731	3.065112e-01	3.065112e-01	3.065112e-01	8.881784e-15	8.881784e-15
732	3.065116e-01	3.065116e-01	3.065116e-01	8.659740e-15	8.659740e-15
733	3.065121e-01	3.065121e-01	3.065121e-01	8.659740e-15	8.659740e-15
734	3.065126e-01	3.065126e-01	3.065126e-01	8.659740e-15	8.659740e-15
735	3.065130e-01	3.065130e-01	3.065130e-01	8.548717e-15	8.548717e-15
736	3.065135e-01	3.065135e-01	3.065135e-01	8.881784e-15	8.881784e-15
737	3.065140e-01	3.065140e-01	3.065140e-01	8.659740e-15	8.659740e-15
738	3.065144e-01	3.065144e-01	3.065144e-01	8.881784e-15	8.881784e-15
739	3.065149e-01	3.065149e-01	3.065149e-01	8.659740e-15	8.659740e-15
740	3.065153e-01	3.065153e-01	3.065153e-01	8.659740e-15	8.659740e-15
741	3.065158e-01	3.065158e-01	3.065158e-01	9.103829e-15	9.103829e-15
742	3.065162e-01	3.065162e-01	3.065162e-01	9.103829e-15	9.103829e-15
743	3.065167e-01	3.065167e-01	3.065167e-01	9.214851e-15	9.214851e-15
744	3.065171e-01	3.065171e-01	3.065171e-01	9.103829e-15	9.103829e-15
745	3.065176e-01	3.065176e-01	3.065176e-01	9.214851e-15	9.214851e-15
746	3.065180e-01	3.065180e-01	3.065180e-01	9.436896e-15	9.436896e-15
747	3.065185e-01	3.065185e-01	3.065185e-01	9.436896e-15	9.436896e-15
748	3.065189e-01	3.065189e-01	3.065189e-01	9.769963e-15	9.769963e-15
749	3.065194e-01	3.065194e-01	3.065194e-01	9.992007e-15	9.992007e-15
750	3.065198e-01	3.065198e-01	3.065198e-01	9.992007e-15	9.992007e-15
751	3.065203e-01	3.065203e-01	3.065203e-01	9.769963e-15	9.769963e-15
752	3.065207e-01	3.065207e-01	3.065207e-01	9.769963e-15	9.769963e-15
753	3.065211e-01	3.065211e-01	3.065211e-01	9.992007e-15	9.992007e-15
754	3.065216e-01	3.065216e-01	3.065216e-01	9.769963e-15	9.769963e-15
755	3.065220e-01	3.065220e-01	3.065220e-01	9.547918e-15	9.547918e-15
756	3.065225e-01	3.065225e-01	3.065225e-01	9.436896e-15	9.436896e-15
757	3.065229e-01	3.065229e-01	3.065229e-01	9.436896e-15	9.436896e-15
758	3.065233e-01	3.065233e-01	3.065233e-01	9.547918e-15	9.547918e-15
759	3.065238e-01	3.065238e-01	3.065238e-01	9.436896e-15	9.436896e-15
760	3.065242e-01	3.065242e-01	3.065242e-01	9.547918e-15	9.547918e-15
761	3.065246e-01	3.065246e-01	3.065246e-01	9.547918e-15	9.547918e-15
762	3.065251e-01	3.065251e-01	3.065251e-01	9.547918e-15	9.547918e-15
763	3.065255e-01	3.065255e-01	3.065255e-01	9.547918e-15	9.547918e-15
764	3.065259e-01	3.065259e-01	3.065259e-01	9.436896e-15	9.436896e-15
765	3.065263e-01	3.065263e-01	3.065263e-01	9.214851e-15	9.214851e-15
766	3.065268e-01	3.065268e-01	3.065268e-01	9.214851e-15	9.214851e-15
767	3.065272e-01	3.065272e-01	3.065272e-01	9.214851e-15	9.214851e-15
768	3.065276e-01	3.065276e-01	3.065276e-01	9.214851e-15	9.214851e-15
769	3.065280e-01	3.065280e-01	3.065280e-01	9.214851e-15	9.214851e-15
770	3.065285e-01	3.065285e-01	3.065285e-01	9.103829e-15	9.103829e-15
771	3.065289e-01	3.065289e-01	3.065289e-01	9.214851e-15	9.214851e-15
772	3.065293e-01	3.065293e-01	3.065293e-01	9.214851e-15	9.214851e-15
773	3.065297e-01	3.065297e-01	3.065297e-01	9.214851e-15	9.214851e-15
774	3.065301e-01	3.065301e-01	3.065301e-01	9.214851e-15	9.214851e-15
775	3.065306e-01	3.065306e-01	3.065306e-01	9.436896e-15	9.436896e-15
776	3.065310e-01	3.065310e-01	3.065310e-01	9.436896e-15	9.436896e-15
777	3.065314e-01	3.065314e-01	3.065314e-01	9.436896e-15	9.436896e-15
778	3.065318e-01	3.065318e-01	3.065318e-01	9.436896e-15	9.436896e-15
779	3.065322e-01	3.065322e-01	3.065322e-01	9.547918e-15	9.547918e-15
780	3.065326e-01	3.065326e-01	3.065326e-01	9.769963e-15	9.769963e-15
781	3.065330e-01	3.065330e-01	3.065330e-01	9.992007e-15	9.992007e-15
782	3.065334e-01	3.065334e-01	3.065334e-01	1.010303e-14	1.010303e-14
783	3.065338e-01	3.065338e-01	3.065338e-01	1.032507e-14	1.032507e-14
784	3.065342e-01	3.065342e-01	3.065342e-01	1.054712e-14	1.054712e-14
785	3.065347e-01	3.065347e-01	3.065347e-01	1.054712e-14	1.054712e-14
786	3.065351e-01	3.065351e-01	3.065351e-01	1.065814e-14	1.065814e-14
787	3.065355e-01	3.065355e-01	3.065355e-01	1.065814e-14	1.065814e-14
788	3.065359e-01	3.065359e-01	3.065359e-01	1.088019e-14	1.088019e-14
789	3.065363e-01	3.065363e-01	3.065363e-01	1.088019e-14	1.088019e-14
790	3.065367e-01	3.065367e-01	3.065367e-01	1.088019e-14	1.088019e-14
791	3.065371e-01	3.065371e-01	3.065371e-01	1.088019e-14	1.088019e-14
792	3.065375e-01	3.065375e-01	3.065375e-01	1.088019e-14	1.088019e-14
793	3.065379e-01	3.065379e-01	3.065379e-01	1.065814e-14	1.065814e-14
794	3.065383e-01	3.065383e-01	3.065383e-01	1.088019e-14	1.088019e-14
795	3.065387e-01	3.065387e-01	3.065387e-01	1.065814e-14	1.065814e-14
796	3.065390e-01	3.065390e-01	3.065390e-01	1.065814e-14	1.065814e-14
797	3.065394e-01	3.065394e-01	3.065394e-01	1.065814e-14	1.065814e-14
798	3.065398e-01	3.065398e-01	3.065398e-01	1.065814e-14	1.065814e-14
799	3.065402e-01	3.065402e-01	3.065402e-01	1.088019e-14	1.088019e-14
800	3.065406e-01	3.065406e-01	3.065406e-01	1.088019e-14	1.088019e-14
801	3.065410e-01	3.065410e-01	3.065410e-01	1.099121e-14	1.099121e-14
802	3.065414e-01	3.065414e-01	3.065414e-01	1.121325e-14	1.121325e-14
803	3.065418e-01	3.065418e-01	3.065418e-01	1.099121e-14	1.099121e-14
804	3.065422e-01	3.065422e-01	3.065422e-01	1.088019e-14	1.088019e-14
805	3.065425e-01	3.065425e-01	3.065425e-01	1.099121e-14	1.099121e-14
806	3.065429e-01	3.065429e-01	3.065429e-01	1.088019e-14	1.088019e-14
807	3.065433e-01	3.065433e-01	3.065433e-01	1.065814e-14	1.065814e-14
808	3.065437e-01	3.065437e-01	3.065437e-01	1.088019e-14	1.088019e-14
809	3.065441e-01	3.065441e-01	3.065441e-01	1.088019e-14	1.088019e-14
810	3.065445e-01	3.065445e-01	3.065445e-01	1.054712e-14	1.054712e-14
811	3.065448e-01	3.065448e-01	3.065448e-01	1.054712e-14	1.054712e-14
812	3.065452e-01	3.065452e-01	3.065452e-01	1.032507e-14	1.032507e-14
813	3.065456e-01	3.065456e-01	3.065456e-01	1.032507e-14	1.032507e-14
814	3.065460e-01	3.065460e-01	3.065460e-01	1.054712e-14	1.054712e-14
815	3.065464e-01	3.065464e-01	3.065464e-01	1.054712e-14	1.054712e-14
816	3.065467e-01	3.065467e-01	3.065467e-01	1.054712e-14	1.054712e-14
817	3.065471e-01	3.065471e-01	3.065471e-01	1.032507e-14	1.032507e-14
818	3.065475e-01	3.065475e-01	3.065475e-01	1.054712e-14	1.054712e-14
819	3.065478e-01	3.065478e-01	3.065478e-01	1.054712e-14	1.054712e-14
820	3.065482e-01	3.065482e-01	3.065482e-01	1.054712e-14	1.054712e-14
821	3.065486e-01	3.065486e-01	3.065486e-01	1.054712e-14	1.054712e-14
822	3.065490e-01	3.065490e-01	3.065490e-01	1.054712e-14	1.054712e-14
823	3.065493e-01	3.065493e-01	3.065493e-01	1.054712e-14	1.054712e-14
824	3.065497e-01	3.065497e-01	3.065497e-01	1.054712e-14	1.054712e-14
825	3.065501e-01	3.065501e-01	3.065501e-01	1.054712e-14	1.054712e-14
826	3.065504e-01	3.065504e-01	3.065504e-01	1.088019e-14	1.088019e-14
827	3.065508e-01	3.065508e-01	3.065508e-01	1.088019e-14	1.088019e-14
828	3.065512e-01	3.065512e-01	3.065512e-01	1.088019e-14	1.088019e-14
829	3.065515e-01	3.065515e-01	3.065515e-01	1.065814e-14	1.065814e-14
830	3.065519e-01	3.065519e-01	3.065519e-01	1.065814e-14	1.065814e-14
831	3.065522e-01	3.065522e-01	3.065522e-01	1.065814e-14	1.065814e-14
832	3.065526e-01	3.065526e-01	3.065526e-01	1.065814e-14	1.065814e-14
833	3.065530e-01	3.065530e-01	3.065530e-01	1.088019e-14	1.088019e-14
834	3.065533e-01	3.065533e-01	3.065533e-01	1.088019e-14	1.088019e-14
835	3.065537e-01	3.065537e-01	3.065537e-01	1.065814e-14	1.065814e-14
836	3.065540e-01	3.065540e-01	3.065540e-01	1.065814e-14	1.065814e-14
837	3.065544e-01	3.065544e-01	3.065544e-01	1.054712e-14	1.054712e-14
838	3.065548e-01	3.065548e-01	3.065548e-01	1.054712e-14	1.054712e-14
839	3.065551e-01	3.065551e-01	3.065551e-01	1.032507e-14	1.032507e-14
840	3.065555e-01	3.065555e-01	3.065555e-01	1.010303e-14	1.010303e-14
841	3.065558e-01	3.065558e-01	3.065558e-01	9.992007e-15	9.992007e-15
842	3.065562e-01	3.065562e-01	3.065562e-01	1.032507e-14	1.032507e-14
843	3.065565e-01	3.065565e-01	3.065565e-01	1.010303e-14	1.010303e-14
844	3.065569e-01	3.065569e-01	3.065569e-01	9.992007e-15	9.992007e-15
845	3.065572e-01	3.065572e-01	3.065572e-01	9.992007e-15	9.992007e-15
846	3.065576e-01	3.065576e-01	3.065576e-01	9.992007e-15	9.992007e-15
847	3.065579e-01	3.065579e-01	3.065579e-01	9.769963e-15	9.769963e-15
848	3.065583e-01	3.065583e-01	3.065583e-01	9.769963e-15	9.769963e-15
849	3.065586e-01	3.065586e-01	3.065586e-01	9.992007e-15	9.992007e-15
850	3.065590e-01	3.065590e-01	3.065590e-01	9.769963e-15	9.769963e-15
851	3.065593e-01	3.065593e-01	3.065593e-01	9.769963e-15	9.769963e-15
852	3.065597e-01	3.065597e-01	3.065597e-01	9.992007e-15	9.992007e-15
853	3.065600e-01	3.065600e-01	3.065600e-01	9.992007e-15	9.992007e-15
854	3.065603e-01	3.065603e-01	3.065603e-01	1.032507e-14	1.032507e-14
855	3.065607e-01	3.065607e-01	3.065607e-01	1.032507e-14	1.032507e-14
856	3.065610e-01	3.065610e-01	3.065610e-01	1.032507e-14	1.032507e-14
857	3.065614e-01	3.065614e-01	3.065614e-01	1.032507e-14	1.032507e-14
858	3.065617e-01	3.065617e-01	3.065617e-01	1.054712e-14	1.054712e-14
859	3.065620e-01	3.065620e-01	3.065620e-01	1.054712e-14	1.054712e-14
860	3.065624e-01	3.065624e-01	3.065624e-01	1.065814e-14	1.065814e-14
861	3.065627e-01	3.065627e-01	3.065627e-01	1.065814e-14	1.065814e-14
862	3.065630e-01	3.065630e-01	3.065630e-01	1.054712e-14	1.054712e-14
863	3.065634e-01	3.065634e-01	3.065634e-01	1.054712e-14	1.054712e-14
864	3.065637e-01	3.065637e-01	3.065637e-01	1.054712e-14	1.054712e-14
865	3.065641e-01	3.065641e-01	3.065641e-01	1.032507e-14	1.032507e-14
866	3.065644e-01	3.065644e-01	3.065644e-01	1.032507e-14	1.032507e-14
867	3.065647e-01	3.065647e-01	3.065647e-01	1.054712e-14	1.054712e-14
868	3.065650e-01	3.065650e-01	3.065650e-01	1.065814e-14	1.065814e-14
869	3.065654e-01	3.065654e-01	3.065654e-01	1.088019e-14	1.088019e-14
870	3.065657e-01	3.065657e-01	3.065657e-01	1.099121e-14	1.099121e-14
871	3.065660e-01	3.065660e-01	3.065660e-01	1.088019e-14	1.088019e-14
872	3.065664e-01	3.065664e-01	3.065664e-01	1.088019e-14	1.088019e-14
873	3.065667e-01	3.065667e-01	3.065667e-01	1.099121e-14	1.099121e-14
874	3.065670e-01	3.065670e-01	3.065670e-01	1.099121e-14	1.099121e-14
875	3.065673e-01	3.065673e-01	3.065673e-01	1.121325e-14	1.121325e-14
876	3.065677e-01	3.065677e-01	3.065677e-01	1.099121e-14	1.099121e-14
877	3.065680e-01	3.065680e-01	3.065680e-01	1.121325e-14	1.121325e-14
878	3.065683e-01	3.065683e-01	3.065683e-01	1.143530e-14	1.143530e-14
879	3.065686e-01	3.065686e-01	3.065686e-01	1.154632e-14	1.154632e-14
880	3.065690e-01	3.065690e-01	3.065690e-01	1.143530e-14	1.143530e-14
881	3.065693e-01	3.065693e-01	3.065693e-01	1.143530e-14	1.143530e-14
882	3.065696e-01	3.065696e-01	3.065696e-01	1.143530e-14	1.143530e-14
883	3.065699e-01	3.065699e-01	3.065699e-01	1.154632e-14	1.154632e-14
884	3.065703e-01	3.065703e-01	3.065703e-01	1.154632e-14	1.154632e-14
885	3.065706e-01	3.065706e-01	3.065706e-01	1.143530e-14	1.143530e-14
886	3.065709e-01	3.065709e-01	3.065709e-01	1.099121e-14	1.099121e-14
887	3.065712e-01	3.065712e-01	3.065712e-01	1.088019e-14	1.088019e-14
888	3.065715e-01	3.065715e-01	3.065715e-01	1.065814e-14	1.065814e-14
889	3.065718e-01	3.065718e-01	3.065718e-01	1.065814e-14	1.065814e-14
890	3.065722e-01	3.065722e-01	3.065722e-01	1.065814e-14	1.065814e-14
891	3.065725e-01	3.065725e-01	3.065725e-01	1.054712e-14	1.054712e-14
892	3.065728e-01	3.065728e-01	3.065728e-01	1.032507e-14	1.032507e-14
893	3.065731e-01	3.065731e-01	3.065731e-01	1.032507e-14	1.032507e-14
894	3.065734e-01	3.065734e-01	3.065734e-01	1.032507e-14	1.032507e-14
895	3.065737e-01	3.065737e-01	3.065737e-01	1.032507e-14	1.032507e-14
896	3.065740e-01	3.065740e-01	3.065740e-01	1.032507e-14	1.032507e-14
897	3.065743e-01	3.065743e-01	3.065743e-01	1.032507e-14	1.032507e-14
898	3.065747e-01	3.065747e-01	3.065747e-01	1.010303e-14	1.010303e-14
899	3.065750e-01	3.065750e-01	3.065750e-01	1.032507e-14	1.032507e-14
900	3.065753e-01	3.065753e-01	3.065753e-01	1.032507e-14	1.032507e-14
901	3.065756e-01	3.065756e-01	3.065756e-01	1.032507e-14	1.032507e-14
902	3.065759e-01	3.065759e-01	3.065759e-01	1.010303e-14	1.010303e-14
903	3.065762e-01	3.065762e-01	3.065762e-01	9.992007e-15	9.992007e-15
904	3.065765e-01	3.065765e-01	3.065765e-01	9.992007e-15	9.992007e-15
905	3.065768e-01	3.065768e-01	3.065768e-01	1.010303e-14	1.010303e-14
906	3.065771e-01	3.065771e-01	3.065771e-01	1.054712e-14	1.054712e-14
907	3.065774e-01	3.065774e-01	3.065774e-01	1.032507e-14	1.032507e-14
908	3.065777e-01	3.065777e-01	3.065777e-01	1.032507e-14	1.032507e-14
909	3.065780e-01	3.065780e-01	3.065780e-01	1.054712e-14	1.054712e-14
910	3.065783e-01	3.065783e-01	3.065783e-01	1.032507e-14	1.032507e-14
911	3.065786e-01	3.065786e-01	3.065786e-01	1.010303e-14	1.010303e-14
912	3.065789e-01	3.065789e-01	3.065789e-01	9.992007e-15	9.992007e-15
913	3.065792e-01	3.065792e-01	3.065792e-01	9.992007e-15	9.992007e-15
914	3.065795e-01	3.065795e-01	3.065795e-01	9.992007e-15	9.992007e-15
915	3.065798e-01	3.065798e-01	3.065798e-01	1.010303e-14	1.010303e-14
916	3.065801e-01	3.065801e-01	3.065801e-01	1.032507e-14	1.032507e-14
917	3.065804e-01	3.065804e-01	3.065804e-01	1.032507e-14	1.032507e-14
918	3.065807e-01	3.065807e-01	3.065807e-01	1.010303e-14	1.010303e-14
919	3.065810e-01	3.065810e-01	3.065810e-01	1.010303e-14	1.010303e-14
920	3.065813e-01	3.065813e-01	3.065813e-01	1.010303e-14	1.010303e-14
921	3.065816e-01	3.065816e-01	3.065816e-01	9.992007e-15	9.992007e-15
922	3.065819e-01	3.065819e-01	3.065819e-01	1.010303e-14	1.010303e-14
923	3.065822e-01	3.065822e-01	3.065822e-01	1.010303e-14	1.010303e-14
924	3.065825e-01	3.065825e-01	3.065825e-01	1.032507e-14	1.032507e-14
925	3.065828e-01	3.065828e-01	3.065828e-01	1.032507e-14	1.032507e-14
926	3.065831e-01	3.065831e-01	3.065831e-01	1.032507e-14	1.032507e-14
927	3.065834e-01	3.065834e-01	3.065834e-01	1.032507e-14	1.032507e-14
928	3.065836e-01	3.065836e-01	3.065836e-01	1.032507e-14	1.032507e-14
929	3.065839e-01	3.065839e-01	3.065839e-01	1.054712e-14	1.054712e-14
930	3.065842e-01	3.065842e-01	3.065842e-01	1.065814e-14	1.065814e-14
931	3.065845e-01	3.065845e-01	3.065845e-01	1.054712e-14	1.054712e-14
932	3.065848e-01	3.065848e-01	3.065848e-01	1.032507e-14	1.032507e-14
933	3.065851e-01	3.065851e-01	3.065851e-01	1.032507e-14	1.032507e-14
934	3.065854e-01	3.065854e-01	3.065854e-01	1.054712e-14	1.054712e-14
935	3.065857e-01	3.065857e-01	3.065857e-01	1.065814e-14	1.065814e-14
936	3.065859e-01	3.065859e-01	3.065859e-01	1.065814e-14	1.065814e-14
937	3.065862e-01	3.065862e-01	3.065862e-01	1.088019e-14	1.088019e-14
938	3.065865e-01	3.065865e-01	3.065865e-01	1.088019e-14	1.088019e-14
939	3.065868e-01	3.065868e-01	3.065868e-01	1.088019e-14	1.088019e-14
940	3.065871e-01	3.065871e-01	3.065871e-01	1.088019e-14	1.088019e-14
941	3.065874e-01	3.065874e-01	3.065874e-01	1.099121e-14	1.099121e-14
942	3.065876e-01	3.065876e-01	3.065876e-01	1.088019e-14	1.088019e-14
943	3.065879e-01	3.065879e-01	3.065879e-01	1.065814e-14	1.065814e-14
944	3.065882e-01	3.065882e-01	3.065882e-01	1.054712e-14	1.054712e-14
945	3.065885e-01	3.065885e-01	3.065885e-01	1.054712e-14	1.054712e-14
946	3.065888e-01	3.065888e-01	3.065888e-01	1.054712e-14	1.054712e-14
947	3.065890e-01	3.065890e-01	3.065890e-01	1.065814e-14	1.065814e-14
948	3.065893e-01	3.065893e-01	3.065893e-01	1.065814e-14	1.065814e-14
949	3.065896e-01	3.065896e-01	3.065896e-01	1.065814e-14	1.065814e-14
950	3.065899e-01	3.065899e-01	3.065899e-01	1.065814e-14	1.065814e-14
951	3.065901e-01	3.065901e-01	3.065901e-01	1.065814e-14	1.065814e-14
952	3.065904e-01	3.065904e-01	3.065904e-01	1.065814e-14	1.065814e-14
953	3.065907e-01	3.065907e-01	3.065907e-01	1.065814e-14	1.065814e-14
954	3.065910e-01	3.065910e-01	3.065910e-01	1.088019e-14	1.088019e-14
955	3.065912e-01	3.065912e-01	3.065912e-01	1.065814e-14	1.065814e-14
956	3.065915e-01	3.065915e-01	3.065915e-01	1.065814e-14	1.065814e-14
957	3.065918e-01	3.065918e-01	3.065918e-01	1.088019e-14	1.088019e-14
958	3.065921e-01	3.065921e-01	3.065921e-01	1.099121e-14	1.099121e-14
959	3.065923e-01	3.065923e-01	3.065923e-01	1.088019e-14	1.088019e-14
960	3.065926e-01	3.065926e-01	3.065926e-01	1.099121e-14	1.099121e-14
961	3.065929e-01	3.065929e-01	3.065929e-01	1.099121e-14	1.099121e-14
962	3.065931e-01	3.065931e-01	3.065931e-01	1.088019e-14	1.088019e-14
963	3.065934e-01	3.065934e-01	3.065934e-01	1.099121e-14	1.099121e-14
964	3.065937e-01	3.065937e-01	3.065937e-01	1.088019e-14	1.088019e-14
965	3.065940e-01	3.065940e-01	3.065940e-01	1.065814e-14	1.065814e-14
966	3.065942e-01	3.065942e-01	3.065942e-01	1.088019e-14	1.088019e-14
967	3.065945e-01	3.065945e-01	3.065945e-01	1.065814e-14	1.065814e-14
968	3.065948e-01	3.065948e-01	3.065948e-01	1.065814e-14	1.065814e-14
969	3.065950e-01	3.065950e-01	3.065950e-01	1.088019e-14	1.088019e-14
970	3.065953e-01	3.065953e-01	3.065953e-01	1.088019e-14	1.088019e-14
971	3.065956e-01	3.065956e-01	3.065956e-01	1.121325e-14	1.121325e-14
972	3.065958e-01	3.065958e-01	3.065958e-01	1.121325e-14	1.121325e-14
973	3.065961e-01	3.065961e-01	3.065961e-01	1.099121e-14	1.099121e-14
974	3.065963e-01	3.065963e-01	3.065963e-01	1.088019e-14	1.088019e-14
975	3.065966e-01	3.065966e-01	3.065966e-01	1.088019e-14	1.088019e-14
976	3.065969e-01	3.065969e-01	3.065969e-01	1.065814e-14	1.065814e-14
977	3.065971e-01	3.065971e-01	3.065971e-01	1.065814e-14	1.065814e-14
978	3.065974e-01	3.065974e-01	3.065974e-01	1.088019e-14	1.088019e-14
979	3.065977e-01	3.065977e-01	3.065977e-01	1.088019e-14	1.088019e-14
980	3.065979e-01	3.065979e-01	3.065979e-01	1.099121e-14	1.099121e-14
981	3.065982e-01	3.065982e-01	3.065982e-01	1.099121e-14	1.099121e-14
982	3.065984e-01	3.065984e-01	3.065984e-01	1.088019e-14	1.088019e-14
983	3.065987e-01	3.065987e-01	3.065987e-01	1.088019e-14	1.088019e-14
984	3.065989e-01	3.065989e-01	3.065989e-01	1.088019e-14	1.088019e-14
985	3.065992e-01	3.065992e-01	3.065992e-01	1.088019e-14	1.088019e-14
986	3.065995e-01	3.065995e-01	3.065995e-01	1.065814e-14	1.065814e-14
987	3.065997e-01	3.065997e-01	3.065997e-01	1.065814e-14	1.065814e-14
988	3.066000e-01	3.066000e-01	3.066000e-01	1.088019e-14	1.088019e-14
989	3.066002e-01	3.066002e-01	3.066002e-01	1.099121e-14	1.099121e-14
990	3.066005e-01	3.066005e-01	3.066005e-01	1.143530e-14	1.143530e-14
991	3.066007e-01	3.066007e-01	3.066007e-01	1.154632e-14	1.154632e-14
992	3.066010e-01	3.066010e-01	3.066010e-01	1.154632e-14	1.154632e-14
993	3.066012e-01	3.066012e-01	3.066012e-01	1.176836e-14	1.176836e-14
994	3.066015e-01	3.066015e-01	3.066015e-01	1.154632e-14	1.154632e-14
995	3.066018e-01	3.066018e-01	3.066018e-01	1.154632e-14	1.154632e-14
996	3.066020e-01	3.066020e-01	3.066020e-01	1.154632e-14	1.154632e-14
997	3.066023e-01	3.066023e-01	3.066023e-01	1.176836e-14	1.176836e-14
998	3.066025e-01	3.066025e-01	3.066025e-01	1.154632e-14	1.154632e-14
999	3.066028e-01	3.066028e-01	3.066028e-01	1.143530e-14	1.143530e-14
1000	3.066030e-01	3.066030e-01	3.066030e-01	1.154632e-14	1.154632e-14
